0 7  0 8  1 7  2 8  3 8  4 8  5 8  6 8
0 7  0 8  1 7  2 7  3 8  4 8  5 8  6 8
0 7  0 8  1 7  2 7  3 7  4 8  5 8  6 8
0 6  0 8  1 7  1 8  2 8  3 8  4 8  5 8
0 6  0 7  0 8  1 7  2 8  3 8  4 8  5 8
0 6  0 8  1 7  2 7  3 8  4 8  5 8  7 8
0 6  0 7  0 8  1 7  2 7  3 8  4 8  5 8
0 6  0 8  1 7  2 7  3 7  4 8  5 8  7 8
0 6  0 7  0 8  1 6  2 7  3 8  4 8  5 8
0 6  1 6  2 7  3 7  4 8  5 8  6 8  7 8
0 5  0 8  1 6  1 8  2 7  2 8  3 8  4 8
0 5  0 8  1 6  1 8  2 7  3 7  4 8  7 8
0 5  0 8  1 6  2 6  3 7  4 7  6 8  7 8
0 4  0 8  1 5  1 8  2 6  2 8  3 7  3 8
